60
0 30 19 11 20 22 14 26 22 28 19 17 22 14 20 15 16 22 19 18 23 11 13 16 27 10 28 21 14 29 13 23 26 22 22 13 12 26 29 24 22 16 11 13 20 19 17 27 10 26 12 24 27 15 28 21 15 26 10 18 
22 0 13 29 16 26 20 19 28 15 18 21 27 24 20 29 11 29 15 28 30 29 29 21 24 13 16 14 17 11 14 25 22 16 23 28 11 12 16 27 15 24 17 10 15 26 27 15 22 11 12 19 28 29 30 19 12 14 22 17 
13 24 0 11 25 30 22 22 10 22 27 27 25 18 12 25 24 26 19 29 17 18 29 27 16 26 24 25 28 28 16 14 11 10 13 24 30 23 16 29 14 12 23 29 20 25 22 11 18 10 28 26 19 25 22 23 20 13 15 15 
30 22 17 0 10 20 20 24 17 10 28 13 14 28 27 10 16 19 20 17 28 19 13 23 28 28 12 18 15 15 23 20 12 12 27 10 20 14 23 28 14 20 10 16 18 25 16 22 14 27 29 11 13 30 24 29 25 24 16 30 
27 27 19 30 0 30 13 30 19 15 22 14 17 12 13 23 18 28 28 28 11 22 26 12 25 24 24 23 18 17 29 18 14 25 25 13 22 27 12 30 11 23 11 19 23 14 30 29 10 27 26 11 18 19 12 10 12 26 23 21 
11 19 27 15 12 0 21 16 24 15 16 21 17 29 23 24 21 25 21 19 25 18 12 25 24 22 27 25 24 20 15 12 19 25 29 24 27 18 28 18 21 14 30 28 10 20 19 22 14 10 29 28 16 11 22 28 21 16 22 14 
24 26 17 13 20 13 0 25 14 19 23 22 10 25 19 26 25 29 13 14 13 13 11 10 17 12 20 14 23 26 25 25 17 20 30 20 28 11 15 11 20 26 23 18 20 12 14 12 29 17 17 11 18 18 30 25 18 17 27 29 
12 21 21 20 29 21 28 0 26 20 10 27 30 24 18 18 11 20 20 14 18 25 19 18 12 27 15 25 12 23 21 29 23 10 19 10 27 28 27 23 17 27 17 15 21 25 21 22 12 29 24 19 23 12 25 25 27 30 17 29 
20 26 25 13 24 12 11 21 0 30 28 11 15 23 18 18 13 11 27 23 13 25 17 20 17 19 14 30 16 14 14 12 22 30 28 23 22 30 25 12 27 20 11 30 12 19 17 13 18 13 27 22 26 11 11 10 20 16 30 24 
18 11 27 30 11 22 21 21 21 0 15 23 15 23 22 15 26 10 20 27 17 24 23 29 17 22 28 18 12 11 15 24 17 17 20 15 16 30 26 27 18 29 17 24 21 29 29 14 27 18 11 13 30 22 30 15 14 26 23 14 
27 28 28 12 12 16 17 18 15 12 0 12 24 10 19 15 19 17 13 24 12 19 25 15 17 16 15 22 20 10 12 22 25 28 20 27 10 24 11 18 27 11 19 20 30 28 23 19 13 24 12 15 13 25 20 18 10 23 28 19 
21 30 10 14 27 18 29 27 11 10 13 0 29 30 22 16 30 17 30 16 20 21 18 23 24 10 13 30 29 24 27 17 13 26 16 17 21 22 15 17 22 13 18 18 13 28 24 10 15 21 16 23 12 22 16 24 22 17 22 20 
29 18 26 11 12 11 18 23 21 22 28 12 0 23 16 20 26 11 12 26 14 21 30 26 21 21 11 13 10 16 25 21 14 12 16 16 14 15 22 27 24 11 23 27 25 29 16 18 28 16 12 12 28 11 28 18 23 27 21 23 
12 15 11 16 16 15 20 20 18 10 15 12 11 0 28 29 26 24 12 14 21 19 16 21 16 15 16 22 26 12 11 19 12 16 18 17 22 24 27 10 30 27 13 11 27 29 28 22 22 10 24 10 17 28 20 21 13 26 12 27 
27 13 15 29 18 22 13 28 15 10 26 14 25 29 0 14 21 27 11 11 16 30 23 15 14 21 25 25 22 18 26 18 14 27 22 11 12 13 14 10 16 12 24 18 28 21 20 16 17 22 17 22 19 29 27 22 19 19 16 29 
27 30 14 11 25 24 10 27 25 14 25 10 17 19 17 0 12 28 27 16 12 16 22 24 24 20 18 15 27 27 19 25 24 19 27 23 11 21 23 28 15 27 21 14 11 28 21 11 25 15 18 27 20 30 19 13 17 27 18 13 
24 27 26 15 13 22 28 14 10 20 10 16 14 21 18 14 0 16 27 13 10 11 21 25 19 18 13 22 23 10 28 26 22 23 19 27 26 11 24 29 30 11 29 13 13 17 21 17 23 17 21 21 17 30 15 26 16 19 18 29 
17 13 23 27 26 11 23 22 10 14 20 10 15 16 13 16 23 0 25 24 15 30 12 24 16 11 29 12 15 15 18 14 20 21 25 16 17 26 29 27 27 10 14 27 13 20 28 20 10 22 13 15 22 15 27 26 14 25 26 18 
29 11 22 18 21 14 25 26 30 21 22 24 22 24 18 25 13 16 0 14 13 26 15 16 15 18 12 11 21 25 25 29 23 27 20 11 15 22 24 10 21 14 20 13 24 13 21 19 16 27 21 17 21 27 21 26 12 23 25 23 
15 20 21 29 14 29 28 19 20 19 19 30 21 27 12 15 30 23 22 0 13 18 12 20 29 27 10 22 30 21 17 20 26 25 11 22 27 30 17 15 18 26 22 17 17 18 19 22 15 30 11 18 15 11 26 13 29 24 24 26 
14 10 15 28 23 14 18 19 12 25 22 20 21 11 27 26 17 13 15 22 0 12 16 30 18 17 23 19 13 16 12 27 20 10 10 15 21 14 23 30 16 16 19 24 25 20 20 20 27 21 25 18 24 29 15 30 15 28 18 17 
13 19 13 21 17 13 25 29 16 15 26 20 21 15 14 15 25 22 23 20 13 0 15 26 27 13 30 24 17 27 11 22 29 18 25 17 26 27 30 24 12 15 17 22 24 22 26 28 15 18 20 25 21 24 18 15 25 17 29 11 
14 28 21 10 14 16 15 30 12 13 21 12 16 28 24 30 18 18 25 23 26 13 0 15 14 27 23 17 21 10 13 21 12 29 11 12 12 15 15 30 17 18 18 19 24 14 11 22 22 19 16 14 12 19 19 14 13 11 21 23 
11 22 13 11 18 12 11 19 18 17 18 23 23 25 10 15 29 11 25 20 20 10 22 0 20 18 10 24 19 30 12 11 30 22 14 10 30 17 12 18 23 17 25 15 30 19 15 12 17 16 27 25 24 26 16 11 13 14 25 22 
13 25 24 10 16 26 11 14 10 11 22 23 18 16 29 15 25 13 18 30 18 14 24 30 0 28 30 11 10 13 26 21 15 19 12 13 25 26 12 29 27 13 19 17 19 23 13 25 18 17 10 15 23 12 30 22 10 27 23 29 
29 17 17 11 26 19 14 18 13 17 15 28 20 22 14 28 14 18 22 20 23 20 26 13 22 0 23 25 22 19 16 19 17 21 26 16 16 13 21 22 16 26 25 13 13 16 15 10 21 23 20 29 13 30 24 16 22 16 30 11 
26 15 20 10 26 14 17 30 17 26 19 23 21 12 24 24 18 29 23 27 20 12 26 21 12 17 0 28 22 24 25 23 17 28 11 15 23 15 20 20 20 15 27 12 24 29 24 16 15 20 29 30 30 10 25 21 10 12 16 22 
24 10 13 10 28 14 15 18 17 26 26 27 29 22 27 23 19 20 27 24 28 25 23 28 23 16 16 0 24 16 20 13 30 18 16 28 13 20 10 19 25 24 14 21 23 24 15 13 12 23 30 24 21 22 17 16 14 21 22 26 
25 30 30 24 17 15 19 18 24 19 27 18 13 10 28 24 22 12 27 25 24 24 16 14 15 21 20 17 0 11 30 13 26 27 10 17 11 15 24 19 27 11 15 15 12 13 10 26 25 10 20 17 24 13 24 26 18 14 13 23 
14 10 26 28 27 24 13 28 30 27 14 26 28 19 29 30 22 29 25 15 28 14 22 21 15 13 17 21 18 0 18 14 20 19 28 17 15 22 20 11 19 15 15 14 12 23 11 10 12 28 25 17 25 28 30 16 10 12 21 22 
18 29 24 26 15 21 11 21 10 21 20 19 24 23 22 27 13 21 27 16 18 19 23 13 14 20 17 15 21 28 0 25 27 24 18 23 30 27 22 18 26 12 26 12 27 18 22 21 22 12 15 26 21 24 16 22 27 25 29 30 
13 24 22 30 17 28 20 14 24 11 22 17 12 17 20 27 24 11 15 13 12 20 29 21 11 12 12 26 27 10 25 0 30 24 16 28 29 13 15 13 26 17 25 10 17 10 20 11 22 20 16 25 22 26 21 10 25 21 12 21 
18 10 13 15 24 20 12 20 21 18 23 14 23 16 15 30 14 25 10 26 12 16 18 22 30 27 22 22 17 24 12 23 0 24 16 29 15 24 10 26 12 18 16 17 29 22 22 28 26 14 26 19 17 30 27 27 29 21 19 21 
27 10 21 19 23 25 17 26 18 16 19 21 22 26 28 21 15 17 18 30 21 12 18 26 11 13 23 10 22 11 19 18 30 0 28 28 22 23 12 16 10 18 25 19 10 20 14 21 24 21 27 23 12 29 10 28 29 11 18 27 
24 19 15 11 17 10 29 27 23 30 12 22 17 28 10 15 15 13 24 29 24 19 21 24 15 20 20 13 21 28 30 14 15 12 0 14 22 13 10 18 26 30 19 17 17 16 16 20 21 19 14 18 10 23 29 25 28 18 12 30 
28 30 29 11 14 11 15 24 14 14 10 28 13 19 15 18 23 19 29 11 26 10 19 26 21 18 18 16 24 20 15 21 18 14 21 0 20 13 24 14 17 28 12 14 30 21 17 17 11 24 15 12 19 13 22 13 24 28 21 10 
21 30 15 10 17 17 19 27 20 10 10 27 29 10 30 28 19 14 12 20 29 16 23 15 19 14 18 13 30 28 11 18 27 14 16 13 0 22 25 28 11 26 27 27 22 27 24 17 16 28 19 26 24 23 16 28 12 18 13 13 
17 29 14 26 25 18 11 26 28 27 24 30 20 20 24 30 14 17 14 20 12 21 14 25 14 20 20 16 29 23 19 15 22 21 29 14 27 0 10 10 25 25 22 22 12 30 13 11 11 18 13 22 20 24 24 12 28 13 22 13 
30 15 20 13 25 29 11 29 24 30 27 16 22 16 28 24 13 29 23 15 16 26 25 26 20 18 27 15 19 18 19 19 21 27 20 15 24 21 0 14 17 19 29 23 10 15 18 25 18 16 15 23 22 11 17 15 19 25 11 24 
12 18 10 21 29 26 10 14 19 19 16 24 28 14 14 29 17 22 21 26 26 26 16 17 27 22 20 13 14 22 28 16 28 26 27 26 21 25 28 0 30 14 13 21 30 16 25 26 23 16 16 16 30 12 21 16 27 12 25 10 
16 14 26 23 11 21 17 27 10 12 25 30 14 26 19 13 30 13 30 21 18 13 27 17 15 15 24 10 17 16 29 24 20 24 16 21 12 23 15 12 0 23 30 10 27 24 19 29 23 22 26 11 30 29 27 17 12 11 29 12 
19 14 10 10 22 22 16 12 24 27 17 27 18 15 27 14 27 13 10 17 25 26 19 23 23 15 28 25 16 26 25 23 28 25 23 19 16 27 19 28 22 0 26 24 30 29 18 13 25 19 12 12 14 26 19 25 18 24 22 12 
28 15 27 21 12 19 11 19 23 29 28 21 20 23 12 19 20 21 20 14 30 20 14 11 16 23 24 24 14 15 25 10 18 19 19 20 29 20 27 19 16 24 0 30 26 15 12 12 25 21 21 27 18 10 30 20 16 20 11 10 
25 17 23 23 23 11 11 13 28 19 28 17 26 22 14 21 27 16 22 19 27 12 15 13 12 14 21 19 23 22 17 17 27 30 28 20 29 29 21 25 17 18 11 0 12 30 13 22 24 20 13 12 14 13 18 17 15 20 28 24 
12 18 29 17 14 26 14 24 25 10 14 19 16 23 18 16 20 21 28 14 29 29 16 11 11 22 16 15 12 12 27 12 20 26 20 24 21 22 16 13 21 20 22 27 0 10 28 10 19 19 27 23 15 25 27 16 25 19 21 30 
19 23 24 21 12 19 29 24 29 19 30 11 30 18 24 24 16 19 24 25 28 20 15 11 13 10 17 26 19 28 23 26 18 16 16 18 26 13 12 22 20 30 23 17 15 0 14 10 20 24 22 12 19 10 16 20 11 16 26 27 
23 21 17 18 30 23 22 17 16 25 17 28 12 15 21 19 18 23 17 28 16 30 29 26 28 14 15 29 18 10 23 10 22 30 18 19 20 30 26 27 23 11 22 25 14 10 0 14 22 24 19 18 28 18 16 23 13 18 29 11 
26 27 22 26 16 21 13 25 30 10 21 26 23 20 15 18 24 16 20 15 28 29 21 25 15 27 16 18 12 12 18 28 29 30 21 15 19 24 30 18 23 18 11 15 26 14 21 0 19 18 10 23 15 28 13 29 10 29 14 18 
10 16 24 27 12 22 17 15 10 30 13 16 22 21 15 27 15 19 18 24 28 16 16 10 11 18 27 11 16 10 18 16 14 11 12 17 21 18 20 19 17 23 25 27 12 28 21 17 0 17 27 10 12 13 15 10 14 23 28 14 
27 26 22 12 10 21 13 15 12 21 25 21 26 18 14 22 20 11 10 25 16 28 23 16 10 28 17 12 18 12 14 12 28 26 15 26 17 16 29 17 25 22 28 18 28 11 30 15 11 0 30 30 17 27 22 22 25 18 29 26 
24 29 30 27 26 24 11 20 29 15 18 15 30 30 10 17 27 10 14 11 11 11 29 16 27 21 28 19 29 24 14 20 22 12 16 16 26 15 24 22 20 11 27 17 30 27 22 24 27 26 0 24 26 26 22 10 20 10 26 29 
27 20 11 17 30 13 23 13 27 29 27 16 16 29 12 24 26 27 13 19 22 28 10 15 23 23 15 12 23 11 29 20 19 30 25 18 10 17 22 25 13 16 10 20 14 10 11 28 26 14 15 0 17 11 15 22 22 26 26 24 
17 27 21 25 15 20 19 21 19 26 10 13 30 17 12 17 19 12 18 17 28 20 20 12 20 25 23 11 19 18 24 26 12 14 20 15 24 27 26 12 20 27 14 19 11 16 24 20 18 30 25 14 0 20 12 16 30 26 29 29 
14 16 22 28 16 26 15 21 18 11 17 18 21 11 22 29 10 26 22 18 12 20 11 16 30 13 22 27 29 19 25 10 23 15 28 30 10 12 20 16 11 25 25 21 24 14 19 24 10 29 12 12 18 0 13 16 15 16 28 30 
13 14 23 13 26 28 30 25 26 11 12 10 11 28 23 22 19 27 29 13 25 27 15 27 13 16 12 16 20 29 16 23 10 27 25 26 22 24 20 15 23 21 15 24 16 28 13 25 23 11 28 17 27 10 0 12 28 14 14 13 
25 10 17 15 11 11 30 25 23 23 13 29 14 24 11 26 30 30 30 22 20 29 18 27 23 18 29 20 21 11 24 15 11 29 20 10 10 18 26 21 29 27 19 12 20 19 27 17 16 26 29 26 22 14 22 0 15 21 19 25 
11 20 16 16 19 15 24 20 13 30 13 24 29 30 11 29 17 20 25 22 24 18 18 19 10 23 29 15 13 17 28 14 27 14 18 16 17 30 24 18 30 25 11 26 22 10 24 29 18 17 20 11 25 28 18 25 0 20 17 28 
21 24 24 25 19 26 10 23 12 10 16 20 28 10 19 23 22 20 14 18 26 21 26 28 16 23 15 29 11 20 25 20 12 18 15 21 13 13 13 13 11 17 21 29 15 28 19 25 15 24 12 11 12 28 27 18 18 0 11 15 
17 20 28 28 22 13 10 12 14 13 13 17 13 20 26 30 25 23 19 19 29 10 19 30 12 14 26 19 22 25 24 28 14 19 25 26 22 23 26 26 24 27 12 27 16 26 27 29 18 13 15 16 13 24 15 13 28 29 0 22 
18 24 13 13 26 22 28 20 13 18 13 27 11 10 27 27 14 22 21 13 10 24 18 16 25 10 20 28 26 16 20 11 30 23 14 24 13 30 13 16 17 16 11 17 16 28 13 21 20 24 22 20 15 28 24 30 26 11 27 0 
